ndim       2
npElem     4
nNode      121
nElem      100
nDBC       81
nFBC       0
nOutNodes  0
nodes
    1 	     0.000000 	     0.000000 
    2 	     0.100000 	     0.000000 
    3 	     0.200000 	     0.000000 
    4 	     0.300000 	     0.000000 
    5 	     0.400000 	     0.000000 
    6 	     0.500000 	     0.000000 
    7 	     0.600000 	     0.000000 
    8 	     0.700000 	     0.000000 
    9 	     0.800000 	     0.000000 
   10 	     0.900000 	     0.000000 
   11 	     1.000000 	     0.000000 
   12 	     0.000000 	     0.100000 
   13 	     0.100000 	     0.100000 
   14 	     0.200000 	     0.100000 
   15 	     0.300000 	     0.100000 
   16 	     0.400000 	     0.100000 
   17 	     0.500000 	     0.100000 
   18 	     0.600000 	     0.100000 
   19 	     0.700000 	     0.100000 
   20 	     0.800000 	     0.100000 
   21 	     0.900000 	     0.100000 
   22 	     1.000000 	     0.100000 
   23 	     0.000000 	     0.200000 
   24 	     0.100000 	     0.200000 
   25 	     0.200000 	     0.200000 
   26 	     0.300000 	     0.200000 
   27 	     0.400000 	     0.200000 
   28 	     0.500000 	     0.200000 
   29 	     0.600000 	     0.200000 
   30 	     0.700000 	     0.200000 
   31 	     0.800000 	     0.200000 
   32 	     0.900000 	     0.200000 
   33 	     1.000000 	     0.200000 
   34 	     0.000000 	     0.300000 
   35 	     0.100000 	     0.300000 
   36 	     0.200000 	     0.300000 
   37 	     0.300000 	     0.300000 
   38 	     0.400000 	     0.300000 
   39 	     0.500000 	     0.300000 
   40 	     0.600000 	     0.300000 
   41 	     0.700000 	     0.300000 
   42 	     0.800000 	     0.300000 
   43 	     0.900000 	     0.300000 
   44 	     1.000000 	     0.300000 
   45 	     0.000000 	     0.400000 
   46 	     0.100000 	     0.400000 
   47 	     0.200000 	     0.400000 
   48 	     0.300000 	     0.400000 
   49 	     0.400000 	     0.400000 
   50 	     0.500000 	     0.400000 
   51 	     0.600000 	     0.400000 
   52 	     0.700000 	     0.400000 
   53 	     0.800000 	     0.400000 
   54 	     0.900000 	     0.400000 
   55 	     1.000000 	     0.400000 
   56 	     0.000000 	     0.500000 
   57 	     0.100000 	     0.500000 
   58 	     0.200000 	     0.500000 
   59 	     0.300000 	     0.500000 
   60 	     0.400000 	     0.500000 
   61 	     0.500000 	     0.500000 
   62 	     0.600000 	     0.500000 
   63 	     0.700000 	     0.500000 
   64 	     0.800000 	     0.500000 
   65 	     0.900000 	     0.500000 
   66 	     1.000000 	     0.500000 
   67 	     0.000000 	     0.600000 
   68 	     0.100000 	     0.600000 
   69 	     0.200000 	     0.600000 
   70 	     0.300000 	     0.600000 
   71 	     0.400000 	     0.600000 
   72 	     0.500000 	     0.600000 
   73 	     0.600000 	     0.600000 
   74 	     0.700000 	     0.600000 
   75 	     0.800000 	     0.600000 
   76 	     0.900000 	     0.600000 
   77 	     1.000000 	     0.600000 
   78 	     0.000000 	     0.700000 
   79 	     0.100000 	     0.700000 
   80 	     0.200000 	     0.700000 
   81 	     0.300000 	     0.700000 
   82 	     0.400000 	     0.700000 
   83 	     0.500000 	     0.700000 
   84 	     0.600000 	     0.700000 
   85 	     0.700000 	     0.700000 
   86 	     0.800000 	     0.700000 
   87 	     0.900000 	     0.700000 
   88 	     1.000000 	     0.700000 
   89 	     0.000000 	     0.800000 
   90 	     0.100000 	     0.800000 
   91 	     0.200000 	     0.800000 
   92 	     0.300000 	     0.800000 
   93 	     0.400000 	     0.800000 
   94 	     0.500000 	     0.800000 
   95 	     0.600000 	     0.800000 
   96 	     0.700000 	     0.800000 
   97 	     0.800000 	     0.800000 
   98 	     0.900000 	     0.800000 
   99 	     1.000000 	     0.800000 
  100 	     0.000000 	     0.900000 
  101 	     0.100000 	     0.900000 
  102 	     0.200000 	     0.900000 
  103 	     0.300000 	     0.900000 
  104 	     0.400000 	     0.900000 
  105 	     0.500000 	     0.900000 
  106 	     0.600000 	     0.900000 
  107 	     0.700000 	     0.900000 
  108 	     0.800000 	     0.900000 
  109 	     0.900000 	     0.900000 
  110 	     1.000000 	     0.900000 
  111 	     0.000000 	     1.000000 
  112 	     0.100000 	     1.000000 
  113 	     0.200000 	     1.000000 
  114 	     0.300000 	     1.000000 
  115 	     0.400000 	     1.000000 
  116 	     0.500000 	     1.000000 
  117 	     0.600000 	     1.000000 
  118 	     0.700000 	     1.000000 
  119 	     0.800000 	     1.000000 
  120 	     0.900000 	     1.000000 
  121 	     1.000000 	     1.000000  
elements
1	1	1	1	1	2	13	12
2	1	1	1	2	3	14	13
3	1	1	1	3	4	15	14
4	1	1	1	4	5	16	15
5	1	1	1	5	6	17	16
6	1	1	1	6	7	18	17
7	1	1	1	7	8	19	18
8	1	1	1	8	9	20	19
9	1	1	1	9	10	21	20
10	1	1	1	10	11	22	21
11	1	1	1	12	13	24	23
12	1	1	1	13	14	25	24
13	1	1	1	14	15	26	25
14	1	1	1	15	16	27	26
15	1	1	1	16	17	28	27
16	1	1	1	17	18	29	28
17	1	1	1	18	19	30	29
18	1	1	1	19	20	31	30
19	1	1	1	20	21	32	31
20	1	1	1	21	22	33	32
21	1	1	1	23	24	35	34
22	1	1	1	24	25	36	35
23	1	1	1	25	26	37	36
24	1	1	1	26	27	38	37
25	1	1	1	27	28	39	38
26	1	1	1	28	29	40	39
27	1	1	1	29	30	41	40
28	1	1	1	30	31	42	41
29	1	1	1	31	32	43	42
30	1	1	1	32	33	44	43
31	1	1	1	34	35	46	45
32	1	1	1	35	36	47	46
33	1	1	1	36	37	48	47
34	1	1	1	37	38	49	48
35	1	1	1	38	39	50	49
36	1	1	1	39	40	51	50
37	1	1	1	40	41	52	51
38	1	1	1	41	42	53	52
39	1	1	1	42	43	54	53
40	1	1	1	43	44	55	54
41	1	1	1	45	46	57	56
42	1	1	1	46	47	58	57
43	1	1	1	47	48	59	58
44	1	1	1	48	49	60	59
45	1	1	1	49	50	61	60
46	1	1	1	50	51	62	61
47	1	1	1	51	52	63	62
48	1	1	1	52	53	64	63
49	1	1	1	53	54	65	64
50	1	1	1	54	55	66	65
51	1	1	1	56	57	68	67
52	1	1	1	57	58	69	68
53	1	1	1	58	59	70	69
54	1	1	1	59	60	71	70
55	1	1	1	60	61	72	71
56	1	1	1	61	62	73	72
57	1	1	1	62	63	74	73
58	1	1	1	63	64	75	74
59	1	1	1	64	65	76	75
60	1	1	1	65	66	77	76
61	1	1	1	67	68	79	78
62	1	1	1	68	69	80	79
63	1	1	1	69	70	81	80
64	1	1	1	70	71	82	81
65	1	1	1	71	72	83	82
66	1	1	1	72	73	84	83
67	1	1	1	73	74	85	84
68	1	1	1	74	75	86	85
69	1	1	1	75	76	87	86
70	1	1	1	76	77	88	87
71	1	1	1	78	79	90	89
72	1	1	1	79	80	91	90
73	1	1	1	80	81	92	91
74	1	1	1	81	82	93	92
75	1	1	1	82	83	94	93
76	1	1	1	83	84	95	94
77	1	1	1	84	85	96	95
78	1	1	1	85	86	97	96
79	1	1	1	86	87	98	97
80	1	1	1	87	88	99	98
81	1	1	1	89	90	101	100
82	1	1	1	90	91	102	101
83	1	1	1	91	92	103	102
84	1	1	1	92	93	104	103
85	1	1	1	93	94	105	104
86	1	1	1	94	95	106	105
87	1	1	1	95	96	107	106
88	1	1	1	96	97	108	107
89	1	1	1	97	98	109	108
90	1	1	1	98	99	110	109
91	1	1	1	100	101	112	111
92	1	1	1	101	102	113	112
93	1	1	1	102	103	114	113
94	1	1	1	103	104	115	114
95	1	1	1	104	105	116	115
96	1	1	1	105	106	117	116
97	1	1	1	106	107	118	117
98	1	1	1	107	108	119	118
99	1	1	1	108	109	120	119
100	1	1	1	109	110	121	120
prescribed boundary conditions
    1 	     1 	   0.00000000 
    1 	     2 	  -0.00000000 
    2 	     1 	   0.00000000 
    2 	     2 	  -0.00000000 
    3 	     1 	   0.00000000 
    3 	     2 	  -0.00000000 
    4 	     1 	   0.00000000 
    4 	     2 	  -0.00000000 
    5 	     1 	   0.00000000 
    5 	     2 	  -0.00000000 
    6 	     1 	   0.00000000 
    6 	     2 	  -0.00000000 
    7 	     1 	   0.00000000 
    7 	     2 	   0.00000000 
    8 	     1 	   0.00000000 
    8 	     2 	   0.00000000 
    9 	     1 	   0.00000000 
    9 	     2 	   0.00000000 
   10 	     1 	   0.00000000 
   10 	     2 	   0.00000000 
   11 	     1 	   0.00000000 
   11 	     2 	  -0.00000000 
  111 	     1 	   1.00000000 
  111 	     2 	  -0.00000000 
  112 	     1 	   1.00000000 
  112 	     2 	  -0.00000000 
  113 	     1 	   1.00000000 
  113 	     2 	  -0.00000000 
  114 	     1 	   1.00000000 
  114 	     2 	  -0.00000000 
  115 	     1 	   1.00000000 
  115 	     2 	  -0.00000000 
  116 	     1 	   1.00000000 
  116 	     2 	  -0.00000000 
  117 	     1 	   1.00000000 
  117 	     2 	   0.00000000 
  118 	     1 	   1.00000000 
  118 	     2 	   0.00000000 
  119 	     1 	   1.00000000 
  119 	     2 	   0.00000000 
  120 	     1 	   1.00000000 
  120 	     2 	   0.00000000 
  121 	     1 	   1.00000000 
  121 	     2 	  -0.00000000 
   12 	     1 	   0.00000000 
   12 	     2 	  -0.00000000 
   23 	     1 	   0.00000000 
   23 	     2 	  -0.00000000 
   34 	     1 	   0.00000000 
   34 	     2 	  -0.00000000 
   45 	     1 	   0.00000000 
   45 	     2 	  -0.00000000 
   56 	     1 	   0.00000000 
   56 	     2 	  -0.00000000 
   67 	     1 	  -0.00000000 
   67 	     2 	  -0.00000000 
   78 	     1 	  -0.00000000 
   78 	     2 	  -0.00000000 
   89 	     1 	  -0.00000000 
   89 	     2 	  -0.00000000 
  100 	     1 	  -0.00000000 
  100 	     2 	  -0.00000000 
   22 	     1 	   0.00000000 
   22 	     2 	  -0.00000000 
   33 	     1 	   0.00000000 
   33 	     2 	  -0.00000000 
   44 	     1 	   0.00000000 
   44 	     2 	  -0.00000000 
   55 	     1 	   0.00000000 
   55 	     2 	  -0.00000000 
   66 	     1 	   0.00000000 
   66 	     2 	  -0.00000000 
   77 	     1 	  -0.00000000 
   77 	     2 	  -0.00000000 
   88 	     1 	  -0.00000000 
   88 	     2 	  -0.00000000 
   99 	     1 	  -0.00000000 
   99 	     2 	  -0.00000000 
  110 	     1 	  -0.00000000 
  110 	     2 	  -0.00000000 
  6          3     0.0
outputnodes
