ndim       3
npElem     4
nNode      350
nElem      1071
nDBC       643
nFBC       0
nOutNodes  0
nodes
1	0.24423000	0.34843501	0.09434360
2	0.63511300	0.58804798	0.09129720
3	0.27734801	0.19707499	0.10371600
4	0.15421399	0.09130410	0.09656290
5	0.08638970	0.72783899	0.07727960
6	0.38968301	0.86716902	0.09020120
7	0.43101999	0.76920599	0.09940650
8	0.73329800	0.09618980	0.12222600
9	0.90899700	0.92415500	0.09592240
10	0.42840999	0.23059399	0.10917800
11	0.46837801	0.45277101	0.09570530
12	0.25000200	0.44482401	0.08525920
13	0.42076999	0.13337401	0.09442410
14	0.34174401	0.67042500	0.08449040
15	0.39129001	0.56353801	0.11817200
16	0.17850301	0.65008801	0.10057600
17	0.15167201	0.87794697	0.10330700
18	0.28707901	0.55792201	0.09491390
19	0.36387700	0.40742299	0.09220080
20	0.45719501	0.35103500	0.11378800
21	0.30989000	0.09208830	0.10164600
22	0.48693299	0.66619003	0.10007800
23	0.84259099	0.25684401	0.10972200
24	0.86089700	0.12502800	0.09860580
25	0.73785698	0.47271699	0.10571700
26	0.77382803	0.36504999	0.09879110
27	0.75435102	0.18277900	0.09124000
28	0.55098301	0.13414299	0.09715560
29	0.28579101	0.88775802	0.10447400
30	0.68227899	0.31860599	0.10153800
31	0.64828598	0.17060800	0.10366200
32	0.59357798	0.49618399	0.09154430
33	0.88511097	0.48573300	0.10647500
34	0.86507201	0.37721899	0.09961400
35	0.28174701	0.77588499	0.10899500
36	0.56322300	0.29980099	0.09009920
37	0.11795300	0.30554801	0.11476900
38	0.13639900	0.39843801	0.08797060
39	0.13481601	0.54394400	0.10528400
40	0.35459301	0.29475600	0.11042600
41	0.57811701	0.40206200	0.10668100
42	0.15374599	0.19619399	0.08485260
43	0.85373002	0.59783798	0.09444070
44	0.53643602	0.75502503	0.10711600
45	0.74072099	0.60460103	0.08889100
46	0.63328600	0.70982099	0.09137840
47	0.84081399	0.85186100	0.09480910
48	0.60641199	0.87092203	0.09123770
49	0.75791401	0.72800398	0.10436300
50	0.72294003	0.85277301	0.09661980
51	0.87524098	0.73951399	0.09651170
52	0.52521402	0.56341302	0.11992700
53	0.50506002	0.87099701	0.10767300
54	0.15450500	0.77382201	0.11774500
55	0.00000000	0.35015899	0.10000000
56	0.00000000	0.06587800	0.10000000
57	0.00000000	0.15458401	0.10000000
58	0.00000000	0.25095901	0.10000000
59	0.00000000	0.55000001	0.10000000
60	0.00000000	0.64984101	0.10000000
61	0.00000000	0.93412203	0.10000000
62	0.00000000	0.84541601	0.10000000
63	0.00000000	0.74904102	0.10000000
64	0.00000000	0.44999999	0.10000000
65	0.35015899	1.00000000	0.10000000
66	0.06587800	1.00000000	0.10000000
67	0.15458401	1.00000000	0.10000000
68	0.25095901	1.00000000	0.10000000
69	0.55000001	1.00000000	0.10000000
70	0.64984101	1.00000000	0.10000000
71	0.93412203	1.00000000	0.10000000
72	0.84541601	1.00000000	0.10000000
73	0.74904102	1.00000000	0.10000000
74	0.44999999	1.00000000	0.10000000
75	0.00000000	1.00000000	0.10000000
76	1.00000000	0.93412203	0.10000000
77	1.00000000	0.74904102	0.10000000
78	1.00000000	0.84541601	0.10000000
79	1.00000000	0.55000001	0.10000000
80	1.00000000	0.64984101	0.10000000
81	1.00000000	0.06587800	0.10000000
82	1.00000000	0.15458401	0.10000000
83	1.00000000	0.35015899	0.10000000
84	1.00000000	0.25095901	0.10000000
85	1.00000000	0.44999999	0.10000000
86	1.00000000	1.00000000	0.10000000
87	0.93412203	0.00000000	0.10000000
88	0.74904102	0.00000000	0.10000000
89	0.84541601	0.00000000	0.10000000
90	0.55000001	0.00000000	0.10000000
91	0.64984101	0.00000000	0.10000000
92	0.06587800	0.00000000	0.10000000
93	0.15458401	0.00000000	0.10000000
94	0.35015899	0.00000000	0.10000000
95	0.25095901	0.00000000	0.10000000
96	0.44999999	0.00000000	0.10000000
97	1.00000000	0.00000000	0.10000000
98	0.00000000	0.00000000	0.10000000
99	0.09812870	0.06432960	0.20000000
100	0.20398299	0.08484210	0.20000000
101	0.39765999	0.06855300	0.20000000
102	0.40383500	0.15696500	0.20000000
103	0.30058199	0.11170900	0.20000000
104	0.69937098	0.27626199	0.20000000
105	0.60050100	0.23579900	0.20000000
106	0.69705999	0.07601050	0.20000000
107	0.69865900	0.17495500	0.20000000
108	0.60023397	0.12463600	0.20000000
109	0.90236402	0.35574299	0.20000000
110	0.90002501	0.25785100	0.20000000
111	0.89741999	0.06876980	0.20000000
112	0.89907902	0.16023400	0.20000000
113	0.80060399	0.31443900	0.20000000
114	0.79924703	0.21477500	0.20000000
115	0.79767400	0.11141200	0.20000000
116	0.50301600	0.19531600	0.20000000
117	0.50515097	0.09272050	0.20000000
118	0.19896699	0.42879999	0.20000000
119	0.09924310	0.36041901	0.20000000
120	0.21987800	0.25725400	0.20000000
121	0.20055000	0.33651799	0.20000000
122	0.10766500	0.25520501	0.20000000
123	0.40198901	0.54439402	0.20000000
124	0.40569901	0.35191301	0.20000000
125	0.40381601	0.44754201	0.20000000
126	0.30050501	0.48802301	0.20000000
127	0.30184400	0.39432800	0.20000000
128	0.30869499	0.30398300	0.20000000
129	0.09969490	0.56178999	0.20000000
130	0.19993800	0.62307799	0.20000000
131	0.09981730	0.75876898	0.20000000
132	0.09783490	0.93727398	0.20000000
133	0.10008200	0.85317302	0.20000000
134	0.20431900	0.91488498	0.20000000
135	0.20114499	0.81956702	0.20000000
136	0.09996180	0.66086203	0.20000000
137	0.20024200	0.72175300	0.20000000
138	0.39959300	0.74179298	0.20000000
139	0.39752501	0.93076199	0.20000000
140	0.39883599	0.83894902	0.20000000
141	0.30011699	0.88645399	0.20000000
142	0.30007499	0.78376102	0.20000000
143	0.30000499	0.68341500	0.20000000
144	0.09925440	0.46186101	0.20000000
145	0.19947200	0.52483600	0.20000000
146	0.30006501	0.58473498	0.20000000
147	0.40005901	0.64309800	0.20000000
148	0.61003798	0.45358101	0.20000000
149	0.70020998	0.53596097	0.20000000
150	0.71958297	0.45631701	0.20000000
151	0.90125698	0.64590198	0.20000000
152	0.90365899	0.55040300	0.20000000
153	0.80144602	0.59296298	0.20000000
154	0.80839401	0.50306499	0.20000000
155	0.59955901	0.66222697	0.20000000
156	0.69998002	0.72418100	0.20000000
157	0.59674001	0.93745100	0.20000000
158	0.60016698	0.85391802	0.20000000
159	0.70428801	0.91577601	0.20000000
160	0.59994698	0.76020700	0.20000000
161	0.70139199	0.82094300	0.20000000
162	0.89741701	0.93096501	0.20000000
163	0.89953899	0.83957398	0.20000000
164	0.80018997	0.88682199	0.20000000
165	0.80022699	0.78500801	0.20000000
166	0.60022902	0.56126302	0.20000000
167	0.69915402	0.62835902	0.20000000
168	0.80027002	0.68685502	0.20000000
169	0.90031099	0.74285001	0.20000000
170	0.49743599	0.89693099	0.20000000
171	0.49921799	0.79961997	0.20000000
172	0.49969101	0.70141900	0.20000000
173	0.50074500	0.60192698	0.20000000
174	0.50507200	0.50124401	0.20000000
175	0.50612301	0.40097600	0.20000000
176	0.10041600	0.15223700	0.20000000
177	0.20232201	0.17685600	0.20000000
178	0.30803600	0.20763800	0.20000000
179	0.40505400	0.25388899	0.20000000
180	0.50308198	0.29847899	0.20000000
181	0.60156202	0.34336200	0.20000000
182	0.70102298	0.37390101	0.20000000
183	0.80770397	0.40813801	0.20000000
184	0.90416402	0.45353800	0.20000000
185	0.10000000	0.00000000	0.20000000
186	0.20000000	0.00000000	0.20000000
187	0.30000001	0.00000000	0.20000000
188	0.40000001	0.00000000	0.20000000
189	0.50000000	0.00000000	0.20000000
190	0.60000002	0.00000000	0.20000000
191	0.69999999	0.00000000	0.20000000
192	0.80000001	0.00000000	0.20000000
193	0.89999998	0.00000000	0.20000000
194	1.00000000	0.00000000	0.20000000
195	1.00000000	0.10000000	0.20000000
196	1.00000000	0.20000000	0.20000000
197	1.00000000	0.30000001	0.20000000
198	1.00000000	0.40000001	0.20000000
199	1.00000000	0.50000000	0.20000000
200	1.00000000	0.60000002	0.20000000
201	1.00000000	0.69999999	0.20000000
202	1.00000000	0.80000001	0.20000000
203	1.00000000	0.89999998	0.20000000
204	1.00000000	1.00000000	0.20000000
205	0.89999998	1.00000000	0.20000000
206	0.80000001	1.00000000	0.20000000
207	0.69999999	1.00000000	0.20000000
208	0.60000002	1.00000000	0.20000000
209	0.50000000	1.00000000	0.20000000
210	0.40000001	1.00000000	0.20000000
211	0.30000001	1.00000000	0.20000000
212	0.20000000	1.00000000	0.20000000
213	0.10000000	1.00000000	0.20000000
214	0.00000000	1.00000000	0.20000000
215	0.00000000	0.89999998	0.20000000
216	0.00000000	0.80000001	0.20000000
217	0.00000000	0.69999999	0.20000000
218	0.00000000	0.60000002	0.20000000
219	0.00000000	0.50000000	0.20000000
220	0.00000000	0.40000001	0.20000000
221	0.00000000	0.30000001	0.20000000
222	0.00000000	0.20000000	0.20000000
223	0.00000000	0.10000000	0.20000000
224	0.00000000	0.00000000	0.20000000
225	0.06432960	0.09812870	0.00000000
226	0.08484210	0.20398299	0.00000000
227	0.06855300	0.39765999	0.00000000
228	0.15696500	0.40383500	0.00000000
229	0.11170900	0.30058199	0.00000000
230	0.27626199	0.69937098	0.00000000
231	0.23579900	0.60050100	0.00000000
232	0.07601050	0.69705999	0.00000000
233	0.17495500	0.69865900	0.00000000
234	0.12463600	0.60023397	0.00000000
235	0.35574299	0.90236402	0.00000000
236	0.25785100	0.90002501	0.00000000
237	0.06876980	0.89741999	0.00000000
238	0.16023400	0.89907902	0.00000000
239	0.31443900	0.80060399	0.00000000
240	0.21477500	0.79924703	0.00000000
241	0.11141200	0.79767400	0.00000000
242	0.19531600	0.50301600	0.00000000
243	0.09272050	0.50515097	0.00000000
244	0.42879999	0.19896699	0.00000000
245	0.36041901	0.09924310	0.00000000
246	0.25725400	0.21987800	0.00000000
247	0.33651799	0.20055000	0.00000000
248	0.25520501	0.10766500	0.00000000
249	0.54439402	0.40198901	0.00000000
250	0.35191301	0.40569901	0.00000000
251	0.44754201	0.40381601	0.00000000
252	0.48802301	0.30050501	0.00000000
253	0.39432800	0.30184400	0.00000000
254	0.30398300	0.30869499	0.00000000
255	0.56178999	0.09969490	0.00000000
256	0.62307799	0.19993800	0.00000000
257	0.75876898	0.09981730	0.00000000
258	0.93727398	0.09783490	0.00000000
259	0.85317302	0.10008200	0.00000000
260	0.91488498	0.20431900	0.00000000
261	0.81956702	0.20114499	0.00000000
262	0.66086203	0.09996180	0.00000000
263	0.72175300	0.20024200	0.00000000
264	0.74179298	0.39959300	0.00000000
265	0.93076199	0.39752501	0.00000000
266	0.83894902	0.39883599	0.00000000
267	0.88645399	0.30011699	0.00000000
268	0.78376102	0.30007499	0.00000000
269	0.68341500	0.30000499	0.00000000
270	0.46186101	0.09925440	0.00000000
271	0.52483600	0.19947200	0.00000000
272	0.58473498	0.30006501	0.00000000
273	0.64309800	0.40005901	0.00000000
274	0.45358101	0.61003798	0.00000000
275	0.53596097	0.70020998	0.00000000
276	0.45631701	0.71958297	0.00000000
277	0.64590198	0.90125698	0.00000000
278	0.55040300	0.90365899	0.00000000
279	0.59296298	0.80144602	0.00000000
280	0.50306499	0.80839401	0.00000000
281	0.66222697	0.59955901	0.00000000
282	0.72418100	0.69998002	0.00000000
283	0.93745100	0.59674001	0.00000000
284	0.85391802	0.60016698	0.00000000
285	0.91577601	0.70428801	0.00000000
286	0.76020700	0.59994698	0.00000000
287	0.82094300	0.70139199	0.00000000
288	0.93096501	0.89741701	0.00000000
289	0.83957398	0.89953899	0.00000000
290	0.88682199	0.80018997	0.00000000
291	0.78500801	0.80022699	0.00000000
292	0.56126302	0.60022902	0.00000000
293	0.62835902	0.69915402	0.00000000
294	0.68685502	0.80027002	0.00000000
295	0.74285001	0.90031099	0.00000000
296	0.89693099	0.49743599	0.00000000
297	0.79961997	0.49921799	0.00000000
298	0.70141900	0.49969101	0.00000000
299	0.60192698	0.50074500	0.00000000
300	0.50124401	0.50507200	0.00000000
301	0.40097600	0.50612301	0.00000000
302	0.15223700	0.10041600	0.00000000
303	0.17685600	0.20232201	0.00000000
304	0.20763800	0.30803600	0.00000000
305	0.25388899	0.40505400	0.00000000
306	0.29847899	0.50308198	0.00000000
307	0.34336200	0.60156202	0.00000000
308	0.37390101	0.70102298	0.00000000
309	0.40813801	0.80770397	0.00000000
310	0.45353800	0.90416402	0.00000000
311	0.00000000	0.10000000	0.00000000
312	0.00000000	0.20000000	0.00000000
313	0.00000000	0.30000001	0.00000000
314	0.00000000	0.40000001	0.00000000
315	0.00000000	0.50000000	0.00000000
316	0.00000000	0.60000002	0.00000000
317	0.00000000	0.69999999	0.00000000
318	0.00000000	0.80000001	0.00000000
319	0.00000000	0.89999998	0.00000000
320	0.00000000	1.00000000	0.00000000
321	0.10000000	1.00000000	0.00000000
322	0.20000000	1.00000000	0.00000000
323	0.30000001	1.00000000	0.00000000
324	0.40000001	1.00000000	0.00000000
325	0.50000000	1.00000000	0.00000000
326	0.60000002	1.00000000	0.00000000
327	0.69999999	1.00000000	0.00000000
328	0.80000001	1.00000000	0.00000000
329	0.89999998	1.00000000	0.00000000
330	1.00000000	1.00000000	0.00000000
331	1.00000000	0.89999998	0.00000000
332	1.00000000	0.80000001	0.00000000
333	1.00000000	0.69999999	0.00000000
334	1.00000000	0.60000002	0.00000000
335	1.00000000	0.50000000	0.00000000
336	1.00000000	0.40000001	0.00000000
337	1.00000000	0.30000001	0.00000000
338	1.00000000	0.20000000	0.00000000
339	1.00000000	0.10000000	0.00000000
340	1.00000000	0.00000000	0.00000000
341	0.89999998	0.00000000	0.00000000
342	0.80000001	0.00000000	0.00000000
343	0.69999999	0.00000000	0.00000000
344	0.60000002	0.00000000	0.00000000
345	0.50000000	0.00000000	0.00000000
346	0.40000001	0.00000000	0.00000000
347	0.30000001	0.00000000	0.00000000
348	0.20000000	0.00000000	0.00000000
349	0.10000000	0.00000000	0.00000000
350	0.00000000	0.00000000	0.00000000
elements
1	1	1	1	203	163	162	9
2	1	1	1	23	82	112	24
3	1	1	1	298	273	25	32
4	1	1	1	23	260	84	82
5	1	1	1	271	13	270	28
6	1	1	1	53	160	48	158
7	1	1	1	15	143	14	18
8	1	1	1	298	32	25	2
9	1	1	1	53	160	44	48
10	1	1	1	42	1	304	37
11	1	1	1	23	260	82	24
12	1	1	1	42	1	3	304
13	1	1	1	42	120	3	1
14	1	1	1	42	120	1	37
15	1	1	1	53	160	171	44
16	1	1	1	53	160	158	171
17	1	1	1	4	92	93	99
18	1	1	1	5	136	60	16
19	1	1	1	6	235	29	65
20	1	1	1	35	140	7	6
21	1	1	1	14	16	35	230
22	1	1	1	13	117	28	116
23	1	1	1	125	15	174	11
24	1	1	1	3	10	247	40
25	1	1	1	9	164	162	72
26	1	1	1	13	96	270	28
27	1	1	1	6	310	309	235
28	1	1	1	12	228	38	242
29	1	1	1	2	25	45	149
30	1	1	1	3	303	246	248
31	1	1	1	10	247	244	13
32	1	1	1	167	46	45	2
33	1	1	1	3	1	120	128
34	1	1	1	4	349	92	225
35	1	1	1	1	40	127	128
36	1	1	1	11	251	20	19
37	1	1	1	14	231	230	307
38	1	1	1	304	3	254	1
39	1	1	1	1	128	127	121
40	1	1	1	2	292	32	52
41	1	1	1	2	298	281	45
42	1	1	1	167	46	2	155
43	1	1	1	3	303	248	42
44	1	1	1	10	253	40	20
45	1	1	1	4	176	99	100
46	1	1	1	5	234	232	233
47	1	1	1	5	318	63	62
48	1	1	1	5	317	232	60
49	1	1	1	6	35	140	29
50	1	1	1	14	307	308	274
51	1	1	1	7	172	138	22
52	1	1	1	8	108	106	107
53	1	1	1	8	89	24	115
54	1	1	1	106	88	191	91
55	1	1	1	11	52	15	174
56	1	1	1	11	41	20	249
57	1	1	1	11	175	174	125
58	1	1	1	12	306	305	242
59	1	1	1	12	145	39	118
60	1	1	1	13	94	101	21
61	1	1	1	13	247	244	245
62	1	1	1	15	143	147	14
63	1	1	1	14	16	18	143
64	1	1	1	14	138	143	147
65	1	1	1	12	250	305	306
66	1	1	1	9	289	47	72
67	1	1	1	46	292	281	2
68	1	1	1	2	149	166	32
69	1	1	1	136	63	60	217
70	1	1	1	8	262	27	257
71	1	1	1	7	6	239	35
72	1	1	1	10	36	20	180
73	1	1	1	10	13	116	102
74	1	1	1	5	136	54	131
75	1	1	1	3	248	4	42
76	1	1	1	3	100	21	103
77	1	1	1	1	120	128	121
78	1	1	1	1	118	121	127
79	1	1	1	1	250	19	254
80	1	1	1	2	52	32	166
81	1	1	1	178	10	40	179
82	1	1	1	2	149	45	167
83	1	1	1	3	248	21	4
84	1	1	1	3	120	177	178
85	1	1	1	4	56	92	99
86	1	1	1	95	93	100	4
87	1	1	1	5	136	16	54
88	1	1	1	1	228	305	304
89	1	1	1	5	317	60	63
90	1	1	1	6	74	139	53
91	1	1	1	7	140	53	6
92	1	1	1	6	239	35	29
93	1	1	1	7	276	22	308
94	1	1	1	280	276	44	7
95	1	1	1	7	172	22	44
96	1	1	1	8	262	31	27
97	1	1	1	28	10	116	36
98	1	1	1	106	88	91	8
99	1	1	1	288	47	78	9
100	1	1	1	9	288	76	78
101	1	1	1	203	71	9	162
102	1	1	1	11	19	125	15
103	1	1	1	11	175	125	20
104	1	1	1	12	306	242	18
105	1	1	1	12	242	38	39
106	1	1	1	1	12	38	118
107	1	1	1	13	94	96	101
108	1	1	1	13	21	247	245
109	1	1	1	271	13	10	244
110	1	1	1	14	307	15	18
111	1	1	1	5	317	63	318
112	1	1	1	3	4	177	42
113	1	1	1	5	317	318	232
114	1	1	1	5	318	62	241
115	1	1	1	106	88	8	192
116	1	1	1	11	301	19	15
117	1	1	1	14	138	22	7
118	1	1	1	28	10	13	116
119	1	1	1	8	192	89	115
120	1	1	1	4	348	93	349
121	1	1	1	106	88	192	191
122	1	1	1	4	348	349	302
123	1	1	1	4	248	348	302
124	1	1	1	4	348	95	93
125	1	1	1	4	349	225	302
126	1	1	1	9	330	329	71
127	1	1	1	9	330	288	329
128	1	1	1	9	330	71	76
129	1	1	1	9	164	163	162
130	1	1	1	11	32	52	174
131	1	1	1	5	234	60	232
132	1	1	1	7	53	171	44
133	1	1	1	304	303	3	42
134	1	1	1	6	65	139	74
135	1	1	1	203	163	9	78
136	1	1	1	9	330	76	288
137	1	1	1	3	247	21	248
138	1	1	1	14	15	22	147
139	1	1	1	3	102	178	103
140	1	1	1	4	225	42	302
141	1	1	1	4	57	56	176
142	1	1	1	4	57	176	42
143	1	1	1	4	177	42	176
144	1	1	1	302	248	303	42
145	1	1	1	11	52	300	15
146	1	1	1	8	108	91	106
147	1	1	1	11	41	249	32
148	1	1	1	13	117	116	102
149	1	1	1	20	179	40	10
150	1	1	1	1	12	228	38
151	1	1	1	10	179	102	116
152	1	1	1	1	19	127	40
153	1	1	1	11	41	32	174
154	1	1	1	239	14	7	35
155	1	1	1	7	172	44	171
156	1	1	1	14	16	231	18
157	1	1	1	7	140	138	171
158	1	1	1	7	53	280	309
159	1	1	1	140	139	170	53
160	1	1	1	239	14	308	7
161	1	1	1	4	225	57	42
162	1	1	1	5	318	241	232
163	1	1	1	3	100	177	4
164	1	1	1	101	21	103	102
165	1	1	1	262	88	91	343
166	1	1	1	2	299	281	298
167	1	1	1	8	115	107	106
168	1	1	1	3	128	120	178
169	1	1	1	14	274	22	15
170	1	1	1	288	47	289	290
171	1	1	1	288	47	9	289
172	1	1	1	245	270	244	13
173	1	1	1	12	1	250	19
174	1	1	1	3	1	128	40
175	1	1	1	14	16	143	35
176	1	1	1	12	127	126	118
177	1	1	1	11	251	249	20
178	1	1	1	12	19	126	127
179	1	1	1	167	49	45	46
180	1	1	1	13	96	245	270
181	1	1	1	4	248	95	348
182	1	1	1	7	140	171	53
183	1	1	1	140	139	53	6
184	1	1	1	3	247	248	246
185	1	1	1	8	262	91	31
186	1	1	1	4	21	100	95
187	1	1	1	4	248	21	95
188	1	1	1	8	192	115	106
189	1	1	1	304	3	246	254
190	1	1	1	14	307	274	15
191	1	1	1	1	304	305	254
192	1	1	1	9	164	72	47
193	1	1	1	9	329	72	71
194	1	1	1	4	177	176	100
195	1	1	1	143	35	142	138
196	1	1	1	35	140	142	138
197	1	1	1	1	228	304	38
198	1	1	1	11	175	41	174
199	1	1	1	7	280	53	44
200	1	1	1	143	35	138	14
201	1	1	1	13	94	21	245
202	1	1	1	9	329	288	289
203	1	1	1	6	65	29	139
204	1	1	1	4	56	225	92
205	1	1	1	3	13	21	247
206	1	1	1	101	21	102	13
207	1	1	1	9	164	47	163
208	1	1	1	241	54	62	5
209	1	1	1	271	252	10	36
210	1	1	1	262	88	343	257
211	1	1	1	239	230	308	14
212	1	1	1	11	251	19	301
213	1	1	1	5	233	54	16
214	1	1	1	8	89	88	257
215	1	1	1	12	1	305	250
216	1	1	1	5	234	16	60
217	1	1	1	13	96	117	101
218	1	1	1	20	179	180	124
219	1	1	1	11	251	301	300
220	1	1	1	1	37	38	304
221	1	1	1	3	10	13	247
222	1	1	1	271	252	244	10
223	1	1	1	10	247	40	253
224	1	1	1	10	180	179	116
225	1	1	1	10	3	178	40
226	1	1	1	20	179	124	40
227	1	1	1	3	247	254	40
228	1	1	1	1	37	121	38
229	1	1	1	7	276	44	22
230	1	1	1	12	242	39	18
231	1	1	1	1	12	118	127
232	1	1	1	125	15	123	174
233	1	1	1	11	301	15	300
234	1	1	1	11	32	300	52
235	1	1	1	3	247	246	254
236	1	1	1	4	56	99	176
237	1	1	1	4	225	56	57
238	1	1	1	14	231	307	18
239	1	1	1	12	18	126	19
240	1	1	1	203	9	76	78
241	1	1	1	302	248	42	4
242	1	1	1	241	54	17	62
243	1	1	1	1	19	40	254
244	1	1	1	8	108	107	31
245	1	1	1	13	96	28	117
246	1	1	1	271	13	28	10
247	1	1	1	35	140	138	7
248	1	1	1	12	1	19	127
249	1	1	1	2	149	167	166
250	1	1	1	14	16	230	231
251	1	1	1	3	100	4	21
252	1	1	1	9	329	289	72
253	1	1	1	136	63	5	60
254	1	1	1	2	292	299	32
255	1	1	1	139	140	141	29
256	1	1	1	10	252	244	253
257	1	1	1	288	47	290	78
258	1	1	1	8	108	31	91
259	1	1	1	280	276	7	309
260	1	1	1	11	249	300	32
261	1	1	1	7	276	308	309
262	1	1	1	2	155	166	167
263	1	1	1	2	292	281	299
264	1	1	1	7	53	309	6
265	1	1	1	11	251	300	249
266	1	1	1	12	39	38	118
267	1	1	1	8	107	27	31
268	1	1	1	8	257	27	24
269	1	1	1	8	192	88	89
270	1	1	1	6	74	53	310
271	1	1	1	5	241	54	233
272	1	1	1	15	143	18	146
273	1	1	1	13	117	102	101
274	1	1	1	3	103	178	177
275	1	1	1	20	179	10	180
276	1	1	1	12	306	18	19
277	1	1	1	7	239	309	308
278	1	1	1	1	12	305	228
279	1	1	1	178	10	179	102
280	1	1	1	298	273	32	299
281	1	1	1	6	235	239	29
282	1	1	1	235	74	6	310
283	1	1	1	235	74	310	324
284	1	1	1	10	252	253	20
285	1	1	1	262	88	257	8
286	1	1	1	262	88	8	91
287	1	1	1	1	250	254	305
288	1	1	1	2	25	298	45
289	1	1	1	3	102	21	13
290	1	1	1	7	172	171	138
291	1	1	1	304	303	246	3
292	1	1	1	46	292	293	281
293	1	1	1	2	22	155	46
294	1	1	1	11	175	20	41
295	1	1	1	2	281	46	45
296	1	1	1	3	102	103	21
297	1	1	1	167	46	155	156
298	1	1	1	8	89	257	24
299	1	1	1	139	140	29	6
300	1	1	1	235	74	324	65
301	1	1	1	235	74	65	6
302	1	1	1	2	22	52	155
303	1	1	1	13	94	245	96
304	1	1	1	3	254	1	40
305	1	1	1	6	310	53	309
306	1	1	1	2	52	166	155
307	1	1	1	5	241	233	232
308	1	1	1	2	292	52	22
309	1	1	1	298	32	2	299
310	1	1	1	9	72	162	71
311	1	1	1	12	250	306	19
312	1	1	1	136	63	217	131
313	1	1	1	102	10	3	178
314	1	1	1	5	234	233	16
315	1	1	1	136	63	131	5
316	1	1	1	4	99	93	100
317	1	1	1	12	126	18	145
318	1	1	1	3	128	178	40
319	1	1	1	11	19	20	125
320	1	1	1	14	22	308	7
321	1	1	1	8	24	27	115
322	1	1	1	2	292	22	46
323	1	1	1	14	274	308	22
324	1	1	1	14	7	35	138
325	1	1	1	3	100	103	177
326	1	1	1	14	307	230	308
327	1	1	1	14	138	147	22
328	1	1	1	12	145	18	39
329	1	1	1	12	126	145	118
330	1	1	1	15	143	146	147
331	1	1	1	5	131	62	63
332	1	1	1	5	131	54	62
333	1	1	1	9	163	47	78
334	1	1	1	239	230	14	35
335	1	1	1	102	10	13	3
336	1	1	1	6	235	309	239
337	1	1	1	1	120	121	37
338	1	1	1	203	71	76	9
339	1	1	1	1	38	121	118
340	1	1	1	2	25	149	32
341	1	1	1	110	82	112	23
342	1	1	1	4	349	93	92
343	1	1	1	3	120	42	177
344	1	1	1	10	247	253	244
345	1	1	1	28	10	36	271
346	1	1	1	8	115	27	107
347	1	1	1	10	252	20	36
348	1	1	1	12	228	242	305
349	1	1	1	7	6	309	239
350	1	1	1	10	116	36	180
351	1	1	1	34	113	109	183
352	1	1	1	43	79	283	80
353	1	1	1	33	183	34	184
354	1	1	1	135	35	137	54
355	1	1	1	54	35	233	240
356	1	1	1	29	211	65	68
357	1	1	1	135	134	141	29
358	1	1	1	38	229	55	227
359	1	1	1	36	252	20	249
360	1	1	1	52	174	166	173
361	1	1	1	118	119	144	38
362	1	1	1	33	199	184	85
363	1	1	1	243	242	234	39
364	1	1	1	39	64	243	38
365	1	1	1	29	238	68	236
366	1	1	1	31	104	105	107
367	1	1	1	179	128	124	40
368	1	1	1	41	174	175	148
369	1	1	1	36	273	249	41
370	1	1	1	42	229	303	226
371	1	1	1	49	161	165	50
372	1	1	1	42	57	58	226
373	1	1	1	25	33	43	154
374	1	1	1	153	151	152	43
375	1	1	1	80	51	77	285
376	1	1	1	44	172	22	155
377	1	1	1	30	105	104	181
378	1	1	1	44	279	275	280
379	1	1	1	41	148	181	30
380	1	1	1	235	236	239	29
381	1	1	1	287	282	45	49
382	1	1	1	46	22	44	275
383	1	1	1	160	156	155	46
384	1	1	1	46	44	160	48
385	1	1	1	47	295	289	291
386	1	1	1	47	163	164	165
387	1	1	1	51	291	47	290
388	1	1	1	48	294	279	277
389	1	1	1	70	50	159	48
390	1	1	1	48	326	69	70
391	1	1	1	35	29	135	141
392	1	1	1	49	156	168	165
393	1	1	1	49	291	287	282
394	1	1	1	47	295	291	50
395	1	1	1	28	91	90	255
396	1	1	1	169	47	51	165
397	1	1	1	116	108	117	28
398	1	1	1	51	168	169	165
399	1	1	1	51	291	290	287
400	1	1	1	15	22	173	52
401	1	1	1	85	109	184	34
402	1	1	1	274	300	292	52
403	1	1	1	53	171	170	140
404	1	1	1	33	183	184	154
405	1	1	1	310	280	278	53
406	1	1	1	27	31	107	104
407	1	1	1	54	233	241	240
408	1	1	1	135	35	142	137
409	1	1	1	308	274	276	22
410	1	1	1	25	149	153	45
411	1	1	1	17	61	133	132
412	1	1	1	54	131	137	135
413	1	1	1	17	62	61	237
414	1	1	1	39	130	129	145
415	1	1	1	271	13	244	270
416	1	1	1	300	274	15	52
417	1	1	1	24	114	115	112
418	1	1	1	32	41	148	174
419	1	1	1	30	268	263	269
420	1	1	1	54	133	135	17
421	1	1	1	15	146	123	147
422	1	1	1	27	257	263	261
423	1	1	1	49	291	294	50
424	1	1	1	39	60	129	136
425	1	1	1	231	16	234	39
426	1	1	1	54	133	62	131
427	1	1	1	30	27	268	23
428	1	1	1	27	23	261	268
429	1	1	1	18	130	145	146
430	1	1	1	24	82	258	260
431	1	1	1	18	143	130	146
432	1	1	1	183	25	150	154
433	1	1	1	298	264	297	25
434	1	1	1	48	44	280	279
435	1	1	1	118	39	38	144
436	1	1	1	54	133	131	135
437	1	1	1	24	89	111	115
438	1	1	1	34	268	266	267
439	1	1	1	16	39	60	234
440	1	1	1	23	110	113	114
441	1	1	1	23	261	268	267
442	1	1	1	35	141	142	140
443	1	1	1	22	147	173	172
444	1	1	1	38	119	144	64
445	1	1	1	39	64	59	243
446	1	1	1	39	64	144	59
447	1	1	1	39	60	59	129
448	1	1	1	287	45	43	49
449	1	1	1	34	268	26	266
450	1	1	1	39	64	38	144
451	1	1	1	23	30	26	268
452	1	1	1	21	187	103	100
453	1	1	1	169	47	78	51
454	1	1	1	20	180	175	124
455	1	1	1	21	347	95	248
456	1	1	1	35	233	240	230
457	1	1	1	80	51	285	43
458	1	1	1	19	20	125	124
459	1	1	1	180	41	36	20
460	1	1	1	20	249	252	251
461	1	1	1	127	125	124	19
462	1	1	1	19	301	251	250
463	1	1	1	16	54	35	233
464	1	1	1	18	242	231	306
465	1	1	1	143	137	35	16
466	1	1	1	19	126	127	125
467	1	1	1	306	307	231	18
468	1	1	1	34	85	265	33
469	1	1	1	32	25	41	273
470	1	1	1	22	292	52	274
471	1	1	1	27	30	104	23
472	1	1	1	43	80	283	285
473	1	1	1	134	133	132	17
474	1	1	1	17	68	67	134
475	1	1	1	296	85	79	33
476	1	1	1	16	35	230	233
477	1	1	1	18	301	307	15
478	1	1	1	180	181	36	41
479	1	1	1	29	68	17	134
480	1	1	1	67	237	238	17
481	1	1	1	87	259	24	258
482	1	1	1	234	231	233	16
483	1	1	1	87	259	89	24
484	1	1	1	87	259	341	89
485	1	1	1	29	240	236	239
486	1	1	1	35	141	140	29
487	1	1	1	109	183	184	34
488	1	1	1	170	74	53	139
489	1	1	1	82	111	24	81
490	1	1	1	24	81	111	87
491	1	1	1	24	81	258	82
492	1	1	1	24	81	87	258
493	1	1	1	15	173	147	123
494	1	1	1	15	301	307	274
495	1	1	1	25	148	182	150
496	1	1	1	29	211	134	141
497	1	1	1	45	297	286	43
498	1	1	1	236	65	29	235
499	1	1	1	155	22	52	173
500	1	1	1	51	77	285	290
501	1	1	1	236	65	235	323
502	1	1	1	50	294	295	291
503	1	1	1	29	139	65	211
504	1	1	1	32	149	166	148
505	1	1	1	24	257	27	261
506	1	1	1	112	111	115	24
507	1	1	1	24	257	261	259
508	1	1	1	25	149	154	153
509	1	1	1	48	278	69	326
510	1	1	1	37	120	122	42
511	1	1	1	53	157	170	158
512	1	1	1	286	43	284	287
513	1	1	1	17	62	133	61
514	1	1	1	49	43	168	45
515	1	1	1	277	50	70	48
516	1	1	1	49	51	43	287
517	1	1	1	25	26	264	266
518	1	1	1	152	184	154	33
519	1	1	1	297	43	33	296
520	1	1	1	17	67	66	132
521	1	1	1	33	85	265	296
522	1	1	1	277	50	48	294
523	1	1	1	25	273	298	264
524	1	1	1	25	266	264	297
525	1	1	1	45	297	25	298
526	1	1	1	183	113	182	26
527	1	1	1	16	137	136	130
528	1	1	1	48	157	158	159
529	1	1	1	27	107	115	114
530	1	1	1	46	279	294	293
531	1	1	1	28	96	90	117
532	1	1	1	28	256	271	36
533	1	1	1	31	91	108	28
534	1	1	1	34	83	267	265
535	1	1	1	42	302	226	303
536	1	1	1	29	139	211	141
537	1	1	1	53	325	310	74
538	1	1	1	51	285	287	290
539	1	1	1	53	44	280	48
540	1	1	1	20	253	251	252
541	1	1	1	251	19	250	253
542	1	1	1	39	59	234	243
543	1	1	1	253	254	40	19
544	1	1	1	17	66	237	61
545	1	1	1	16	54	136	137
546	1	1	1	51	151	169	168
547	1	1	1	29	238	17	68
548	1	1	1	113	30	104	182
549	1	1	1	53	69	48	278
550	1	1	1	17	241	238	240
551	1	1	1	30	41	25	273
552	1	1	1	27	104	107	114
553	1	1	1	32	41	25	148
554	1	1	1	277	50	295	70
555	1	1	1	35	143	142	137
556	1	1	1	15	22	52	274
557	1	1	1	287	282	286	45
558	1	1	1	24	23	261	27
559	1	1	1	39	60	234	59
560	1	1	1	24	257	259	89
561	1	1	1	47	295	73	289
562	1	1	1	70	327	295	277
563	1	1	1	28	262	31	91
564	1	1	1	28	262	91	255
565	1	1	1	53	325	74	69
566	1	1	1	264	30	268	26
567	1	1	1	24	114	27	115
568	1	1	1	28	256	255	271
569	1	1	1	36	116	105	180
570	1	1	1	17	135	35	29
571	1	1	1	264	30	269	268
572	1	1	1	30	148	181	182
573	1	1	1	30	272	273	269
574	1	1	1	256	30	272	36
575	1	1	1	256	30	269	272
576	1	1	1	105	107	108	31
577	1	1	1	17	241	240	54
578	1	1	1	32	249	273	41
579	1	1	1	53	280	278	48
580	1	1	1	32	249	300	299
581	1	1	1	148	174	166	32
582	1	1	1	32	300	292	299
583	1	1	1	35	135	142	141
584	1	1	1	28	262	256	31
585	1	1	1	281	282	293	46
586	1	1	1	43	51	168	151
587	1	1	1	25	153	154	43
588	1	1	1	33	25	297	266
589	1	1	1	296	85	335	79
590	1	1	1	34	23	267	83
591	1	1	1	169	47	165	163
592	1	1	1	25	183	150	182
593	1	1	1	34	265	267	266
594	1	1	1	30	36	256	31
595	1	1	1	23	83	84	267
596	1	1	1	51	80	151	43
597	1	1	1	25	183	33	154
598	1	1	1	50	73	159	164
599	1	1	1	16	54	137	35
600	1	1	1	82	111	195	112
601	1	1	1	30	27	263	268
602	1	1	1	23	260	261	267
603	1	1	1	27	23	104	114
604	1	1	1	23	112	110	114
605	1	1	1	51	49	291	287
606	1	1	1	53	157	48	69
607	1	1	1	49	51	165	168
608	1	1	1	170	74	69	53
609	1	1	1	52	155	173	166
610	1	1	1	17	135	134	133
611	1	1	1	23	84	260	267
612	1	1	1	53	157	69	170
613	1	1	1	48	278	326	277
614	1	1	1	38	64	243	227
615	1	1	1	21	245	347	248
616	1	1	1	47	73	164	72
617	1	1	1	23	109	34	113
618	1	1	1	167	49	156	168
619	1	1	1	48	161	159	158
620	1	1	1	48	279	278	277
621	1	1	1	30	263	27	31
622	1	1	1	49	161	50	46
623	1	1	1	47	50	165	164
624	1	1	1	21	247	245	248
625	1	1	1	35	239	230	240
626	1	1	1	38	243	242	228
627	1	1	1	110	82	196	112
628	1	1	1	44	155	46	160
629	1	1	1	25	34	33	183
630	1	1	1	45	153	168	167
631	1	1	1	85	83	109	34
632	1	1	1	17	135	54	35
633	1	1	1	46	22	155	44
634	1	1	1	158	171	170	53
635	1	1	1	46	292	275	293
636	1	1	1	49	47	51	291
637	1	1	1	22	292	274	275
638	1	1	1	126	125	19	15
639	1	1	1	44	172	160	171
640	1	1	1	43	296	284	283
641	1	1	1	43	154	152	153
642	1	1	1	126	146	123	15
643	1	1	1	277	50	294	295
644	1	1	1	28	90	108	117
645	1	1	1	54	136	137	131
646	1	1	1	17	237	238	241
647	1	1	1	143	16	18	130
648	1	1	1	36	273	41	30
649	1	1	1	34	184	85	33
650	1	1	1	28	105	116	108
651	1	1	1	43	285	284	287
652	1	1	1	51	78	77	290
653	1	1	1	42	58	229	226
654	1	1	1	41	175	181	148
655	1	1	1	40	254	253	247
656	1	1	1	37	221	55	58
657	1	1	1	38	243	228	227
658	1	1	1	180	181	41	175
659	1	1	1	105	180	181	36
660	1	1	1	16	39	136	60
661	1	1	1	263	30	269	256
662	1	1	1	36	273	272	249
663	1	1	1	118	39	144	145
664	1	1	1	50	165	164	161
665	1	1	1	54	133	17	62
666	1	1	1	17	66	61	132
667	1	1	1	67	237	66	321
668	1	1	1	143	137	16	130
669	1	1	1	39	136	129	130
670	1	1	1	300	274	301	15
671	1	1	1	37	119	221	122
672	1	1	1	37	119	55	221
673	1	1	1	37	221	58	122
674	1	1	1	161	46	48	50
675	1	1	1	38	55	119	64
676	1	1	1	70	327	73	295
677	1	1	1	23	109	113	110
678	1	1	1	38	121	118	119
679	1	1	1	17	35	240	29
680	1	1	1	36	30	181	105
681	1	1	1	39	144	129	59
682	1	1	1	173	174	123	15
683	1	1	1	36	256	271	272
684	1	1	1	126	146	15	18
685	1	1	1	167	49	168	45
686	1	1	1	25	266	33	34
687	1	1	1	80	169	77	51
688	1	1	1	236	65	323	68
689	1	1	1	18	39	231	242
690	1	1	1	28	256	36	31
691	1	1	1	265	33	266	34
692	1	1	1	253	254	19	250
693	1	1	1	43	296	79	33
694	1	1	1	124	40	127	19
695	1	1	1	80	169	51	151
696	1	1	1	251	19	253	20
697	1	1	1	31	263	262	256
698	1	1	1	29	238	240	17
699	1	1	1	25	153	43	45
700	1	1	1	34	26	113	183
701	1	1	1	30	31	104	105
702	1	1	1	30	264	269	273
703	1	1	1	30	25	264	273
704	1	1	1	85	109	198	184
705	1	1	1	30	104	182	181
706	1	1	1	135	134	29	17
707	1	1	1	36	41	181	30
708	1	1	1	40	20	253	19
709	1	1	1	23	104	114	113
710	1	1	1	80	201	169	151
711	1	1	1	29	35	240	239
712	1	1	1	236	65	68	29
713	1	1	1	28	90	270	255
714	1	1	1	29	211	68	134
715	1	1	1	27	262	263	257
716	1	1	1	38	37	119	55
717	1	1	1	180	41	20	175
718	1	1	1	30	25	41	148
719	1	1	1	23	24	112	114
720	1	1	1	27	268	261	263
721	1	1	1	169	78	202	77
722	1	1	1	18	39	145	130
723	1	1	1	25	183	182	26
724	1	1	1	20	125	124	175
725	1	1	1	23	24	114	27
726	1	1	1	25	266	34	26
727	1	1	1	24	87	111	89
728	1	1	1	173	174	15	52
729	1	1	1	87	259	258	341
730	1	1	1	25	149	148	150
731	1	1	1	113	30	182	26
732	1	1	1	40	178	179	128
733	1	1	1	265	33	296	266
734	1	1	1	113	30	26	23
735	1	1	1	33	152	184	199
736	1	1	1	23	109	110	83
737	1	1	1	37	120	121	122
738	1	1	1	85	83	198	109
739	1	1	1	49	294	282	46
740	1	1	1	23	109	83	34
741	1	1	1	42	229	37	304
742	1	1	1	58	37	122	42
743	1	1	1	24	260	258	259
744	1	1	1	42	177	122	176
745	1	1	1	34	268	23	26
746	1	1	1	37	121	119	122
747	1	1	1	33	199	85	79
748	1	1	1	47	289	290	291
749	1	1	1	79	200	151	152
750	1	1	1	43	79	152	33
751	1	1	1	79	200	80	151
752	1	1	1	55	58	313	229
753	1	1	1	17	62	237	241
754	1	1	1	22	155	172	173
755	1	1	1	44	22	276	275
756	1	1	1	17	35	54	240
757	1	1	1	43	285	283	284
758	1	1	1	22	138	147	172
759	1	1	1	27	31	263	262
760	1	1	1	21	187	95	94
761	1	1	1	43	297	286	284
762	1	1	1	126	125	15	123
763	1	1	1	19	301	250	306
764	1	1	1	18	301	15	19
765	1	1	1	58	176	122	222
766	1	1	1	33	152	199	79
767	1	1	1	18	301	19	306
768	1	1	1	58	176	57	42
769	1	1	1	25	33	297	43
770	1	1	1	43	168	153	151
771	1	1	1	17	67	132	134
772	1	1	1	16	230	231	233
773	1	1	1	24	23	260	261
774	1	1	1	45	297	43	25
775	1	1	1	42	58	37	229
776	1	1	1	67	237	321	238
777	1	1	1	45	298	281	286
778	1	1	1	48	280	278	279
779	1	1	1	279	275	46	44
780	1	1	1	49	51	168	43
781	1	1	1	43	33	152	154
782	1	1	1	42	120	122	177
783	1	1	1	44	276	280	275
784	1	1	1	21	187	100	95
785	1	1	1	44	172	155	160
786	1	1	1	281	286	282	45
787	1	1	1	22	274	276	275
788	1	1	1	32	249	299	273
789	1	1	1	38	229	227	228
790	1	1	1	42	225	226	302
791	1	1	1	279	275	293	46
792	1	1	1	46	282	293	294
793	1	1	1	58	176	42	122
794	1	1	1	49	45	46	282
795	1	1	1	26	268	264	266
796	1	1	1	49	161	46	156
797	1	1	1	45	297	298	286
798	1	1	1	34	23	113	26
799	1	1	1	18	39	130	16
800	1	1	1	49	47	291	50
801	1	1	1	40	20	19	124
802	1	1	1	18	19	15	126
803	1	1	1	287	45	286	43
804	1	1	1	39	145	129	144
805	1	1	1	167	49	46	156
806	1	1	1	46	161	160	156
807	1	1	1	169	78	163	202
808	1	1	1	49	161	156	165
809	1	1	1	36	249	20	41
810	1	1	1	169	78	77	51
811	1	1	1	28	262	255	256
812	1	1	1	25	154	149	150
813	1	1	1	27	30	31	104
814	1	1	1	49	291	282	294
815	1	1	1	80	201	77	169
816	1	1	1	82	111	112	24
817	1	1	1	36	252	272	271
818	1	1	1	47	51	290	78
819	1	1	1	36	273	30	272
820	1	1	1	45	149	153	167
821	1	1	1	18	39	16	231
822	1	1	1	23	83	110	84
823	1	1	1	124	40	128	127
824	1	1	1	39	38	243	242
825	1	1	1	38	304	229	228
826	1	1	1	33	297	296	266
827	1	1	1	21	245	94	347
828	1	1	1	25	148	30	182
829	1	1	1	161	160	48	46
830	1	1	1	30	36	31	105
831	1	1	1	58	176	222	57
832	1	1	1	46	44	48	279
833	1	1	1	42	57	226	225
834	1	1	1	113	30	23	104
835	1	1	1	37	38	119	121
836	1	1	1	21	187	101	103
837	1	1	1	48	157	159	70
838	1	1	1	29	238	236	240
839	1	1	1	49	165	51	47
840	1	1	1	46	292	22	275
841	1	1	1	21	187	94	101
842	1	1	1	48	326	70	277
843	1	1	1	48	161	50	159
844	1	1	1	53	157	158	48
845	1	1	1	48	157	70	69
846	1	1	1	21	347	94	95
847	1	1	1	161	160	158	48
848	1	1	1	39	231	242	234
849	1	1	1	53	309	310	280
850	1	1	1	39	136	130	16
851	1	1	1	49	165	47	50
852	1	1	1	18	301	306	307
853	1	1	1	28	105	108	31
854	1	1	1	170	74	209	69
855	1	1	1	170	74	139	209
856	1	1	1	297	43	296	284
857	1	1	1	169	47	163	78
858	1	1	1	53	278	310	325
859	1	1	1	53	278	325	69
860	1	1	1	25	182	30	26
861	1	1	1	263	30	256	31
862	1	1	1	70	50	73	159
863	1	1	1	70	50	295	73
864	1	1	1	28	91	108	90
865	1	1	1	43	285	287	51
866	1	1	1	28	271	255	270
867	1	1	1	281	282	46	45
868	1	1	1	47	295	50	73
869	1	1	1	48	50	46	294
870	1	1	1	38	304	37	229
871	1	1	1	25	30	264	26
872	1	1	1	79	151	80	43
873	1	1	1	49	294	46	50
874	1	1	1	24	260	259	261
875	1	1	1	34	268	267	23
876	1	1	1	52	174	32	166
877	1	1	1	38	55	64	227
878	1	1	1	43	296	283	79
879	1	1	1	17	68	238	67
880	1	1	1	47	73	72	289
881	1	1	1	50	159	161	164
882	1	1	1	28	96	270	90
883	1	1	1	42	229	304	303
884	1	1	1	47	73	50	164
885	1	1	1	18	145	126	146
886	1	1	1	38	229	37	55
887	1	1	1	43	45	153	168
888	1	1	1	76	288	331	78
889	1	1	1	288	332	331	78
890	1	1	1	314	227	64	55
891	1	1	1	86	71	76	204
892	1	1	1	227	314	313	55
893	1	1	1	209	69	208	157
894	1	1	1	34	85	83	265
895	1	1	1	55	58	229	37
896	1	1	1	203	71	162	204
897	1	1	1	226	58	312	57
898	1	1	1	70	73	207	159
899	1	1	1	224	92	56	99
900	1	1	1	290	332	288	78
901	1	1	1	32	300	52	292
902	1	1	1	332	290	77	78
903	1	1	1	185	93	92	99
904	1	1	1	98	92	56	224
905	1	1	1	58	313	229	226
906	1	1	1	225	350	349	92
907	1	1	1	226	312	225	57
908	1	1	1	57	311	225	56
909	1	1	1	92	225	350	56
910	1	1	1	311	225	312	57
911	1	1	1	74	210	139	209
912	1	1	1	207	208	70	157
913	1	1	1	67	212	134	68
914	1	1	1	159	73	206	164
915	1	1	1	96	94	188	101
916	1	1	1	72	205	206	162
917	1	1	1	295	289	328	73
918	1	1	1	96	245	346	94
919	1	1	1	245	347	346	94
920	1	1	1	223	176	57	222
921	1	1	1	327	295	328	73
922	1	1	1	170	69	209	157
923	1	1	1	72	71	205	162
924	1	1	1	329	328	289	72
925	1	1	1	176	57	56	223
926	1	1	1	72	206	73	164
927	1	1	1	93	186	95	100
928	1	1	1	258	340	87	341
929	1	1	1	330	288	331	76
930	1	1	1	187	95	186	100
931	1	1	1	285	290	77	332
932	1	1	1	77	333	285	332
933	1	1	1	71	76	330	86
934	1	1	1	71	204	205	162
935	1	1	1	347	248	348	95
936	1	1	1	25	34	183	26
937	1	1	1	79	151	43	152
938	1	1	1	94	187	188	101
939	1	1	1	28	105	31	36
940	1	1	1	245	96	346	270
941	1	1	1	283	333	285	80
942	1	1	1	202	78	163	203
943	1	1	1	333	77	285	80
944	1	1	1	283	334	333	80
945	1	1	1	203	71	204	76
946	1	1	1	201	202	77	169
947	1	1	1	80	283	334	79
948	1	1	1	185	92	224	99
949	1	1	1	101	189	96	117
950	1	1	1	189	96	188	101
951	1	1	1	100	93	186	99
952	1	1	1	112	196	195	82
953	1	1	1	93	185	186	99
954	1	1	1	85	265	335	336
955	1	1	1	200	151	201	80
956	1	1	1	227	313	229	55
957	1	1	1	200	152	79	199
958	1	1	1	64	119	144	220
959	1	1	1	85	199	184	198
960	1	1	1	189	90	96	117
961	1	1	1	340	97	81	87
962	1	1	1	85	83	265	336
963	1	1	1	97	194	81	87
964	1	1	1	115	111	192	89
965	1	1	1	111	195	194	81
966	1	1	1	319	61	62	237
967	1	1	1	108	90	91	190
968	1	1	1	190	91	106	191
969	1	1	1	220	64	119	55
970	1	1	1	32	25	149	148
971	1	1	1	59	64	144	219
972	1	1	1	144	64	220	219
973	1	1	1	90	108	117	190
974	1	1	1	117	189	90	190
975	1	1	1	108	91	106	190
976	1	1	1	218	219	59	129
977	1	1	1	144	59	219	129
978	1	1	1	82	260	338	258
979	1	1	1	89	257	342	88
980	1	1	1	91	90	255	344
981	1	1	1	89	111	192	193
982	1	1	1	56	224	99	223
983	1	1	1	96	270	90	345
984	1	1	1	350	225	311	56
985	1	1	1	234	316	59	60
986	1	1	1	194	111	81	87
987	1	1	1	46	48	294	279
988	1	1	1	194	193	111	87
989	1	1	1	193	89	111	87
990	1	1	1	92	350	98	56
991	1	1	1	217	131	63	216
992	1	1	1	316	234	59	243
993	1	1	1	58	312	313	226
994	1	1	1	207	73	206	159
995	1	1	1	82	339	81	258
996	1	1	1	255	90	270	345
997	1	1	1	216	131	63	62
998	1	1	1	131	216	133	62
999	1	1	1	132	212	134	67
1000	1	1	1	133	215	132	61
1001	1	1	1	197	109	198	83
1002	1	1	1	109	197	110	83
1003	1	1	1	84	110	197	83
1004	1	1	1	110	82	84	196
1005	1	1	1	79	283	334	335
1006	1	1	1	212	132	213	67
1007	1	1	1	345	255	90	344
1008	1	1	1	74	325	310	324
1009	1	1	1	270	96	346	345
1010	1	1	1	28	105	36	116
1011	1	1	1	36	252	249	272
1012	1	1	1	323	65	235	324
1013	1	1	1	70	326	327	277
1014	1	1	1	88	257	342	343
1015	1	1	1	210	74	139	65
1016	1	1	1	343	344	91	262
1017	1	1	1	255	91	344	262
1018	1	1	1	139	210	65	211
1019	1	1	1	323	322	236	68
1020	1	1	1	337	84	267	260
1021	1	1	1	66	61	75	320
1022	1	1	1	265	85	335	296
1023	1	1	1	67	132	213	66
1024	1	1	1	61	133	215	62
1025	1	1	1	335	79	283	296
1026	1	1	1	214	132	215	61
1027	1	1	1	84	267	83	337
1028	1	1	1	278	326	325	69
1029	1	1	1	336	83	265	337
1030	1	1	1	238	236	322	68
1031	1	1	1	322	67	238	68
1032	1	1	1	265	83	267	337
1033	1	1	1	214	66	132	61
1034	1	1	1	338	339	82	258
1035	1	1	1	164	72	206	162
1036	1	1	1	61	214	66	75
1037	1	1	1	257	89	342	259
1038	1	1	1	237	62	318	241
1039	1	1	1	70	208	69	157
1040	1	1	1	67	238	321	322
1041	1	1	1	260	84	82	338
1042	1	1	1	260	337	84	338
1043	1	1	1	211	134	212	68
1044	1	1	1	340	81	339	258
1045	1	1	1	81	340	87	258
1046	1	1	1	15	22	147	173
1047	1	1	1	259	89	342	341
1048	1	1	1	320	66	61	237
1049	1	1	1	321	66	320	237
1050	1	1	1	110	84	197	196
1051	1	1	1	319	320	61	237
1052	1	1	1	62	319	237	318
1053	1	1	1	70	207	157	159
1054	1	1	1	232	317	316	60
1055	1	1	1	176	56	99	223
1056	1	1	1	129	218	136	60
1057	1	1	1	122	58	222	221
1058	1	1	1	59	218	129	60
1059	1	1	1	72	328	289	73
1060	1	1	1	67	237	17	66
1061	1	1	1	82	111	81	195
1062	1	1	1	59	316	243	315
1063	1	1	1	217	136	218	60
1064	1	1	1	110	82	23	84
1065	1	1	1	243	64	59	315
1066	1	1	1	243	227	64	315
1067	1	1	1	227	314	64	315
1068	1	1	1	221	220	119	55
1069	1	1	1	66	132	213	214
1070	1	1	1	316	234	232	60
1071	1	1	1	133	216	215	62
prescribed boundary conditions
330	1	1.0
330	2	0.0
330	3	0.0
329	1	1.0
329	2	0.0
329	3	0.0
328	1	1.0
328	2	0.0
328	3	0.0
327	1	1.0
327	2	0.0
327	3	0.0
326	1	1.0
326	2	0.0
326	3	0.0
325	1	1.0
325	2	0.0
325	3	0.0
324	1	1.0
324	2	0.0
324	3	0.0
323	1	1.0
323	2	0.0
323	3	0.0
322	1	1.0
322	2	0.0
322	3	0.0
321	1	1.0
321	2	0.0
321	3	0.0
320	1	1.0
320	2	0.0
320	3	0.0
214	1	1.0
214	2	0.0
214	3	0.0
213	1	1.0
213	2	0.0
213	3	0.0
212	1	1.0
212	2	0.0
212	3	0.0
211	1	1.0
211	2	0.0
211	3	0.0
210	1	1.0
210	2	0.0
210	3	0.0
209	1	1.0
209	2	0.0
209	3	0.0
208	1	1.0
208	2	0.0
208	3	0.0
207	1	1.0
207	2	0.0
207	3	0.0
206	1	1.0
206	2	0.0
206	3	0.0
205	1	1.0
205	2	0.0
205	3	0.0
204	1	1.0
204	2	0.0
204	3	0.0
86	1	1.0
86	2	0.0
86	3	0.0
75	1	1.0
75	2	0.0
75	3	0.0
74	1	1.0
74	2	0.0
74	3	0.0
73	1	1.0
73	2	0.0
73	3	0.0
72	1	1.0
72	2	0.0
72	3	0.0
71	1	1.0
71	2	0.0
71	3	0.0
70	1	1.0
70	2	0.0
70	3	0.0
69	1	1.0
69	2	0.0
69	3	0.0
68	1	1.0
68	2	0.0
68	3	0.0
67	1	1.0
67	2	0.0
67	3	0.0
66	1	1.0
66	2	0.0
66	3	0.0
65	1	1.0
65	2	0.0
65	3	0.0
350	1	0.00000000
350	2	0.00000000
350	3	0.00000000
349	1	0.00000000
349	2	0.00000000
349	3	0.00000000
348	1	0.00000000
348	2	0.00000000
348	3	0.00000000
347	1	0.00000000
347	2	0.00000000
347	3	0.00000000
346	1	0.00000000
346	2	0.00000000
346	3	0.00000000
345	1	0.00000000
345	2	0.00000000
345	3	0.00000000
344	1	0.00000000
344	2	0.00000000
344	3	0.00000000
343	1	0.00000000
343	2	0.00000000
343	3	0.00000000
342	1	0.00000000
342	2	0.00000000
342	3	0.00000000
341	1	0.00000000
341	2	0.00000000
341	3	0.00000000
340	1	0.00000000
340	2	0.00000000
340	3	0.00000000
339	1	0.00000000
339	2	0.00000000
339	3	0.00000000
338	1	0.00000000
338	2	0.00000000
338	3	0.00000000
337	1	0.00000000
337	2	0.00000000
337	3	0.00000000
336	1	0.00000000
336	2	0.00000000
336	3	0.00000000
335	1	0.00000000
335	2	0.00000000
335	3	0.00000000
334	1	0.00000000
334	2	0.00000000
334	3	0.00000000
333	1	0.00000000
333	2	0.00000000
333	3	0.00000000
332	1	0.00000000
332	2	0.00000000
332	3	0.00000000
331	1	0.00000000
331	2	0.00000000
331	3	0.00000000
330	1	0.00000000
330	2	0.00000000
330	3	0.00000000
320	1	0.00000000
320	2	0.00000000
320	3	0.00000000
319	1	0.00000000
319	2	0.00000000
319	3	0.00000000
318	1	0.00000000
318	2	0.00000000
318	3	0.00000000
317	1	0.00000000
317	2	0.00000000
317	3	0.00000000
316	1	0.00000000
316	2	0.00000000
316	3	0.00000000
315	1	0.00000000
315	2	0.00000000
315	3	0.00000000
314	1	0.00000000
314	2	0.00000000
314	3	0.00000000
313	1	0.00000000
313	2	0.00000000
313	3	0.00000000
312	1	0.00000000
312	2	0.00000000
312	3	0.00000000
311	1	0.00000000
311	2	0.00000000
311	3	0.00000000
224	1	0.00000000
224	2	0.00000000
224	3	0.00000000
223	1	0.00000000
223	2	0.00000000
223	3	0.00000000
222	1	0.00000000
222	2	0.00000000
222	3	0.00000000
221	1	0.00000000
221	2	0.00000000
221	3	0.00000000
220	1	0.00000000
220	2	0.00000000
220	3	0.00000000
219	1	0.00000000
219	2	0.00000000
219	3	0.00000000
218	1	0.00000000
218	2	0.00000000
218	3	0.00000000
217	1	0.00000000
217	2	0.00000000
217	3	0.00000000
216	1	0.00000000
216	2	0.00000000
216	3	0.00000000
215	1	0.00000000
215	2	0.00000000
215	3	0.00000000
214	1	0.00000000
214	2	0.00000000
214	3	0.00000000
204	1	0.00000000
204	2	0.00000000
204	3	0.00000000
203	1	0.00000000
203	2	0.00000000
203	3	0.00000000
202	1	0.00000000
202	2	0.00000000
202	3	0.00000000
201	1	0.00000000
201	2	0.00000000
201	3	0.00000000
200	1	0.00000000
200	2	0.00000000
200	3	0.00000000
199	1	0.00000000
199	2	0.00000000
199	3	0.00000000
198	1	0.00000000
198	2	0.00000000
198	3	0.00000000
197	1	0.00000000
197	2	0.00000000
197	3	0.00000000
196	1	0.00000000
196	2	0.00000000
196	3	0.00000000
195	1	0.00000000
195	2	0.00000000
195	3	0.00000000
194	1	0.00000000
194	2	0.00000000
194	3	0.00000000
193	1	0.00000000
193	2	0.00000000
193	3	0.00000000
192	1	0.00000000
192	2	0.00000000
192	3	0.00000000
191	1	0.00000000
191	2	0.00000000
191	3	0.00000000
190	1	0.00000000
190	2	0.00000000
190	3	0.00000000
189	1	0.00000000
189	2	0.00000000
189	3	0.00000000
188	1	0.00000000
188	2	0.00000000
188	3	0.00000000
187	1	0.00000000
187	2	0.00000000
187	3	0.00000000
186	1	0.00000000
186	2	0.00000000
186	3	0.00000000
185	1	0.00000000
185	2	0.00000000
185	3	0.00000000
98	1	0.00000000
98	2	0.00000000
98	3	0.00000000
97	1	0.00000000
97	2	0.00000000
97	3	0.00000000
96	1	0.00000000
96	2	0.00000000
96	3	0.00000000
95	1	0.00000000
95	2	0.00000000
95	3	0.00000000
94	1	0.00000000
94	2	0.00000000
94	3	0.00000000
93	1	0.00000000
93	2	0.00000000
93	3	0.00000000
92	1	0.00000000
92	2	0.00000000
92	3	0.00000000
91	1	0.00000000
91	2	0.00000000
91	3	0.00000000
90	1	0.00000000
90	2	0.00000000
90	3	0.00000000
89	1	0.00000000
89	2	0.00000000
89	3	0.00000000
88	1	0.00000000
88	2	0.00000000
88	3	0.00000000
87	1	0.00000000
87	2	0.00000000
87	3	0.00000000
86	1	0.00000000
86	2	0.00000000
86	3	0.00000000
85	1	0.00000000
85	2	0.00000000
85	3	0.00000000
84	1	0.00000000
84	2	0.00000000
84	3	0.00000000
83	1	0.00000000
83	2	0.00000000
83	3	0.00000000
82	1	0.00000000
82	2	0.00000000
82	3	0.00000000
81	1	0.00000000
81	2	0.00000000
81	3	0.00000000
80	1	0.00000000
80	2	0.00000000
80	3	0.00000000
79	1	0.00000000
79	2	0.00000000
79	3	0.00000000
78	1	0.00000000
78	2	0.00000000
78	3	0.00000000
77	1	0.00000000
77	2	0.00000000
77	3	0.00000000
76	1	0.00000000
76	2	0.00000000
76	3	0.00000000
75	1	0.00000000
75	2	0.00000000
75	3	0.00000000
64	1	0.00000000
64	2	0.00000000
64	3	0.00000000
63	1	0.00000000
63	2	0.00000000
63	3	0.00000000
62	1	0.00000000
62	2	0.00000000
62	3	0.00000000
61	1	0.00000000
61	2	0.00000000
61	3	0.00000000
60	1	0.00000000
60	2	0.00000000
60	3	0.00000000
59	1	0.00000000
59	2	0.00000000
59	3	0.00000000
58	1	0.00000000
58	2	0.00000000
58	3	0.00000000
57	1	0.00000000
57	2	0.00000000
57	3	0.00000000
56	1	0.00000000
56	2	0.00000000
56	3	0.00000000
55	1	0.00000000
55	2	0.00000000
55	3	0.00000000
350	3	0.0
349	3	0.0
348	3	0.0
347	3	0.0
346	3	0.0
345	3	0.0
344	3	0.0
343	3	0.0
342	3	0.0
341	3	0.0
340	3	0.0
339	3	0.0
338	3	0.0
337	3	0.0
336	3	0.0
335	3	0.0
334	3	0.0
333	3	0.0
332	3	0.0
331	3	0.0
330	3	0.0
329	3	0.0
328	3	0.0
327	3	0.0
326	3	0.0
325	3	0.0
324	3	0.0
323	3	0.0
322	3	0.0
321	3	0.0
320	3	0.0
319	3	0.0
318	3	0.0
317	3	0.0
316	3	0.0
315	3	0.0
314	3	0.0
313	3	0.0
312	3	0.0
311	3	0.0
310	3	0.0
309	3	0.0
308	3	0.0
307	3	0.0
306	3	0.0
305	3	0.0
304	3	0.0
303	3	0.0
302	3	0.0
301	3	0.0
300	3	0.0
299	3	0.0
298	3	0.0
297	3	0.0
296	3	0.0
295	3	0.0
294	3	0.0
293	3	0.0
292	3	0.0
291	3	0.0
290	3	0.0
289	3	0.0
288	3	0.0
287	3	0.0
286	3	0.0
285	3	0.0
284	3	0.0
283	3	0.0
282	3	0.0
281	3	0.0
280	3	0.0
279	3	0.0
278	3	0.0
277	3	0.0
276	3	0.0
275	3	0.0
274	3	0.0
273	3	0.0
272	3	0.0
271	3	0.0
270	3	0.0
269	3	0.0
268	3	0.0
267	3	0.0
266	3	0.0
265	3	0.0
264	3	0.0
263	3	0.0
262	3	0.0
261	3	0.0
260	3	0.0
259	3	0.0
258	3	0.0
257	3	0.0
256	3	0.0
255	3	0.0
254	3	0.0
253	3	0.0
252	3	0.0
251	3	0.0
250	3	0.0
249	3	0.0
248	3	0.0
247	3	0.0
246	3	0.0
245	3	0.0
244	3	0.0
243	3	0.0
242	3	0.0
241	3	0.0
240	3	0.0
239	3	0.0
238	3	0.0
237	3	0.0
236	3	0.0
235	3	0.0
234	3	0.0
233	3	0.0
232	3	0.0
231	3	0.0
230	3	0.0
229	3	0.0
228	3	0.0
227	3	0.0
226	3	0.0
225	3	0.0
224	3	0.0
223	3	0.0
222	3	0.0
221	3	0.0
220	3	0.0
219	3	0.0
218	3	0.0
217	3	0.0
216	3	0.0
215	3	0.0
214	3	0.0
213	3	0.0
212	3	0.0
211	3	0.0
210	3	0.0
209	3	0.0
208	3	0.0
207	3	0.0
206	3	0.0
205	3	0.0
204	3	0.0
203	3	0.0
202	3	0.0
201	3	0.0
200	3	0.0
199	3	0.0
198	3	0.0
197	3	0.0
196	3	0.0
195	3	0.0
194	3	0.0
193	3	0.0
192	3	0.0
191	3	0.0
190	3	0.0
189	3	0.0
188	3	0.0
187	3	0.0
186	3	0.0
185	3	0.0
184	3	0.0
183	3	0.0
182	3	0.0
181	3	0.0
180	3	0.0
179	3	0.0
178	3	0.0
177	3	0.0
176	3	0.0
175	3	0.0
174	3	0.0
173	3	0.0
172	3	0.0
171	3	0.0
170	3	0.0
169	3	0.0
168	3	0.0
167	3	0.0
166	3	0.0
165	3	0.0
164	3	0.0
163	3	0.0
162	3	0.0
161	3	0.0
160	3	0.0
159	3	0.0
158	3	0.0
157	3	0.0
156	3	0.0
155	3	0.0
154	3	0.0
153	3	0.0
152	3	0.0
151	3	0.0
150	3	0.0
149	3	0.0
148	3	0.0
147	3	0.0
146	3	0.0
145	3	0.0
144	3	0.0
143	3	0.0
142	3	0.0
141	3	0.0
140	3	0.0
139	3	0.0
138	3	0.0
137	3	0.0
136	3	0.0
135	3	0.0
134	3	0.0
133	3	0.0
132	3	0.0
131	3	0.0
130	3	0.0
129	3	0.0
128	3	0.0
127	3	0.0
126	3	0.0
125	3	0.0
124	3	0.0
123	3	0.0
122	3	0.0
121	3	0.0
120	3	0.0
119	3	0.0
118	3	0.0
117	3	0.0
116	3	0.0
115	3	0.0
114	3	0.0
113	3	0.0
112	3	0.0
111	3	0.0
110	3	0.0
109	3	0.0
108	3	0.0
107	3	0.0
106	3	0.0
105	3	0.0
104	3	0.0
103	3	0.0
102	3	0.0
101	3	0.0
100	3	0.0
99	3	0.0
224	4	0.0
outputnodes
